14
624
-80548 470963
-80548 6099
-80548 -293631
-80548 341918
-80548 -573144
-80548 -999918
-80548 -848022
-80548 840711
-80548 38615
-80548 -690352
-80548 -670962
-80548 132877
-80548 119979
-80548 550670
-80548 212158
-80548 -923443
-80548 949174
-80548 641245
-80548 -175523
-80548 -516091
-80548 799600
-80548 935103
-80548 666396
-80548 96588
-80548 -503622
-80548 -986442
-80548 -378149
-80548 -604141
-80548 -994939
-80548 -24330
-80548 -632465
-80548 530840
-80548 -769114
-80548 -484121
-80548 512597
-80548 729999
-80548 801367
-80548 42910
-80548 -368969
-80548 -144505
-80548 -245747
-80548 766
-80548 -122440
-80548 -592615
-80548 -851266
-80548 16549
-80548 972941
-80548 691820
-80548 -407621
-80548 847413
-80548 694223
-80548 40002
-80548 610418
-80548 -679040
-80548 -452898
-80548 -779399
-80548 -955189
-80548 -794301
-80548 252651
-80548 36333
-80548 825231
-80548 -757411
-80548 256230
-80548 -986901
-80548 331113
-80548 -433324
-80548 326795
-80548 -861756
-80548 278710
-80548 -523523
-80548 -240410
-80548 819318
-80548 -895139
-80548 987434
-80548 -242002
-80548 -641985
-80548 -303815
-80548 365607
-80548 408318
-80548 -577291
-80548 -548462
-80548 588479
-80548 229720
-80548 416686
-80548 986853
-80548 17211
-80548 285238
-80548 -940689
-80548 117289
-80548 744074
-80548 136804
-80548 -27568
-80548 -103298
-80548 -354441
-80548 85880
-80548 234439
-80548 -187973
-80548 -973028
-80548 -986404
-80548 838063
-80548 22373
-80548 53796
-80548 -859850
-80548 -936969
-80548 -555324
-80548 -526114
-80548 -176469
-80548 -556983
-80548 443160
-80548 409840
-80548 902169
-80548 87895
-80548 -741111
-80548 -289586
-80548 -340858
-80548 -175370
-80548 -197681
-80548 -415931
-80548 -551284
-80548 775144
-80548 546130
-80548 -297962
-80548 589945
-80548 921777
-80548 83702
-80548 145370
-80548 -393648
-80548 -364932
-80548 -947489
-80548 612060
-80548 29252
-80548 -58525
-80548 -530841
-80548 -89875
-80548 -441033
-80548 340855
-80548 864449
-80548 -94373
-80548 -642759
-80548 -850913
-80548 -960165
-80548 315377
-80548 860926
-80548 902077
-80548 501378
-80548 720531
-80548 -834113
-80548 -222348
-80548 -625705
-80548 -408708
-80548 81360
-80548 3836
-80548 -988155
-80548 471291
-80548 576471
-80548 303124
-80548 713025
-80548 986992
-80548 -742533
-80548 -355940
-80548 -195085
-80548 -987541
-80548 432586
-80548 -756117
-80548 -594237
-80548 907952
-80548 782302
-80548 -782950
-80548 728094
-80548 -812398
-80548 -394754
-80548 411183
-80548 -434085
-80548 983137
-80548 -547115
-80548 484345
-80548 -74379
-80548 -292247
-80548 -343381
-80548 152292
-80548 -929882
-516522 859641
-524464 -365414
-432174 -216134
-541994 252291
-783892 252501
-952017 -293673
-173659 610588
-412589 807793
-862674 915915
-241019 -806796
-879899 676698
-150029 944225
-582724 989003
-400556 462972
-979300 797550
-148009 -608511
-238704 -455872
-186622 906347
-687720 -982064
-801280 -172983
-453292 257752
-756354 335390
-527255 -490263
-198217 -35784
-710472 -87750
-584696 550299
-756930 -665426
-924791 -847937
-549602 175591
-946753 -769167
-465682 -636538
-165280 -460145
-580004 -713199
-862209 -643388
-546813 852752
-87714 -234791
-453774 -580037
-499706 -584070
-807590 -133513
-150223 789214
-858983 -319910
-187510 628644
-622296 568714
-945663 853290
-314010 -663299
-838432 -41551
-741500 -199525
-727341 795996
-934721 418673
-357297 327963
-883418 405742
-743757 72151
-717763 -286732
-708420 204348
-622936 542485
-207589 -934990
-377523 866397
-235375 -774876
-983847 -958247
-973355 -398669
-467471 -447893
-128611 830677
-553004 -819847
-949232 15141
-83915 713519
-674842 202614
-663942 -802543
-176586 902699
-950647 -548797
-674983 83059
-362510 198990
-105106 -462093
-929790 405697
-906884 -285606
-748726 101156
-703335 19182
-337864 -115517
-509521 237449
-399268 -112379
-102087 -862410
-156160 -698450
-872294 468287
-124469 -990867
-590371 570399
-587723 -791232
-837090 543599
-138111 495530
-688486 -191656
-713667 881774
-187634 443787
-466530 921411
-299860 328531
-352705 -181161
-897959 805522
-170236 -999724
-755286 693759
-829234 -436457
-504010 183697
-782376 -804898
-210015 241165
-211286 333730
-917824 -644303
-571761 -564879
-137824 -373444
-608193 564891
-292826 528277
-229186 -412297
-609820 242831
-706932 -626693
-953109 -754895
-381371 -296014
-703717 -174350
-895544 602193
-188881 -783494
-266894 38032
-556255 -486937
-549859 57741
-891078 -238890
-504987 197264
-687380 407369
-579947 224548
-884750 -595183
-908931 -807995
-296237 380875
-881115 994319
-802621 -856085
-928608 -229380
-871416 -629754
-248047 -296115
-120742 -14567
-172099 -512608
-238652 905059
-306126 -522530
-299657 -562996
-987150 -81490
-801874 565071
-613192 134285
-837679 216526
-471964 -187018
-906347 -794142
-917266 508440
-100541 731455
-907509 -124515
-127199 -462649
-716276 -542681
-556571 311246
-301221 614503
-424868 318186
-890988 418452
-730899 412899
-381105 599325
-763274 -333986
-648609 -260762
-658030 -841501
-984955 -116322
-855862 275162
-566473 -643033
-151881 -411906
-534181 498287
-162842 944126
-585662 873153
-290135 -546466
-457269 305246
-326125 79294
-889238 474590
-543218 356899
-318623 -284104
-887100 -366063
-938149 917971
-92793 -581695
-884711 96826
-587943 636045
-308488 -155691
-694015 376603
-262417 13985
-660169 -320821
-368853 469191
-964749 93624
-595734 -886127
-846619 -980504
-402522 823909
-903029 -86869
-588812 -376042
-628364 -187776
-112368 -416726
-140857 920108
-237368 -414051
-839466 -854589
-134509 278789
-643840 696670
-827808 321067
-824244 -963304
-809808 -542281
-168460 208148
-407764 534686
-357728 -946273
-514354 707262
-434831 815261
-878468 551784
-343615 -95323
-840272 238548
-396080 -990631
-706958 -632411
-168354 949852
-398121 438792
-335227 -771196
-422578 -257529
-406253 120098
-851814 260614
-649178 651186
-635397 854480
-460033 205829
-268611 -620593
-560410 -74303
-838674 -927946
-659909 -8685
-642508 389518
-989975 -398859
-382678 -89348
-974741 -452625
-519117 429064
-547492 -537066
-605144 72595
-907962 148494
-585548 -235489
-776227 -373642
-396721 -853749
-855561 -283353
-342307 -171412
-786040 595634
-636333 -987357
-303417 248479
-331128 -574220
-922698 -889888
-742927 -526950
-374353 -927650
-254536 424230
-768331 163400
-753913 -450344
-108333 190183
-679399 495081
-475821 -204105
-458313 -587806
-448001 -841915
-176954 -445296
-546057 419079
-578858 -643171
-613565 -666684
-851681 -727356
-942336 801461
-515195 -510211
-462581 813276
-993684 947048
-267529 -965005
-329974 368814
-148385 376652
-162967 603966
-330876 88402
-988687 304075
-264890 -497335
-407038 491301
-823017 601940
-97130 940620
-325211 789624
-290762 745531
-891490 -944172
-840264 -193044
-780252 -122964
-211236 -211562
-268183 420572
-731429 -83347
-458522 573676
-853772 728092
-407662 -492385
-235734 737560
-982014 -961794
-836612 -341037
-193699 -283005
-689901 -419674
-929235 -253671
-108678 -340849
-293176 -805139
-318488 807274
-845019 178491
-955169 265138
-260848 -396735
-654063 -100469
-486628 309384
-928868 -340299
-391402 -77858
-863264 692023
-398835 821533
-817233 982151
-230114 891641
-792540 13532
-694655 738187
-227430 -855641
-642835 -206125
-468176 491462
-442872 314829
-304009 -957385
-530779 332907
-238029 160588
-588507 119021
-742903 -497714
-108510 -918413
-576775 -206472
-305987 -95408
-316497 714324
-491404 16655
-383860 -823648
-571478 -231320
-342929 -240363
-941748 325262
-892406 790786
-572581 443347
-679082 409330
-170495 -40844
-547092 -347111
-716570 461468
-825042 -497074
-717059 -737686
-300659 901501
-301918 -466216
-783305 -541578
-566096 -484432
-104586 -893057
-799514 -630412
-263890 -823205
-376677 836213
-843600 573528
-776144 675151
-425688 159258
-190095 690652
-272099 -294844
-732745 63491
-84389 -526319
-454614 -64147
-276092 -998523
-425217 663088
-271735 -746361
-533517 -611763
-108299 -174994
-938409 665387
-721245 358127
-442740 -291529
-703474 976916
-598147 -182447
-616767 -90149
-996839 -783135
-671728 -433287
-582999 264379
-713983 286606
-805560 25167
-440650 -435730
-632547 -777475
-468863 536063
-957347 -891098
-200917 982639
-410207 30938
-776732 993814
-987440 -709693
-659087 500744
-725440 562097
-543281 -647630
-921975 573534
-559771 -598086
-930785 794329
-745106 703806
-494288 253868
-531658 294072
-855695 107285
-90742 312837
-639277 -60341
-146948 234655
-126189 -751401
-606568 -361506
-838559 777143
-548652 20447
-758474 217053
-324108 36293
-364415 410246
-882623 -748727
-794452 973445
-951053 -833039
-408557 -474474
-135929 -218296
-929678 -196165
-252863 905770
-231255 746825
-485544 -900482
-500783 586144
-638588 202876
-840502 504053
-296957 -311993
-433309 -917420
-433909 338554
-245235 910059
-815926 111359
-585964 -60296
-931937 -442702
-955618 618221
-637652 -981243
-532060 829670
-105226 -180769
-341471 52429
-545086 816111
-422916 991979
-846698 552798
-772686 -598352
-802221 258379
-415070 477145
-377412 -760158
-200896 -941014
-163000 812831
-519615 941043
-663362 -543845
-990369 -117686
-432740 838498
-397025 509329
-468329 -181086
-114851 64530
-974855 115971
-748332 98911
-953128 -318217
-605873 479113
-306138 824467
-539670 -886153
-153296 -894169
-875144 445519
-143743 -360551
-468918 -616496
-871093 -505042
-305090 612875
-901364 75772
-372591 906744
-406776 -444548
-459415 -907166
-268071 979865
-119236 -693431
-201044 394966
-555567 340423
-102204 862805
